EVAL  Pn
0001  1.000000E+00
0002  9.076005E-01
0003  8.535503E-01
0004  8.152010E-01
0005  7.854550E-01
0006  7.611508E-01
0007  7.406018E-01
0008  7.228015E-01
0009  7.071006E-01
0010  6.930555E-01
0011  6.803503E-01
0012  6.687513E-01
0013  6.580813E-01
0014  6.482024E-01
0015  6.390053E-01
0016  6.304020E-01
0017  6.223205E-01
0018  6.147011E-01
0019  6.074937E-01
0020  6.006561E-01
0021  5.941521E-01
0022  5.879508E-01
0023  5.820252E-01
0024  5.763518E-01
0025  5.709101E-01
0026  5.656818E-01
0027  5.606508E-01
0028  5.558029E-01
0029  5.511250E-01
0030  5.466058E-01
0031  5.422348E-01
0032  5.380026E-01
0033  5.339006E-01
0034  5.299210E-01
0035  5.260569E-01
0036  5.223016E-01
0037  5.186492E-01
0038  5.150942E-01
0039  5.116315E-01
0040  5.082566E-01
0041  5.049649E-01
0042  5.017526E-01
0043  4.986159E-01
0044  4.955513E-01
0045  4.925556E-01
0046  4.896257E-01
0047  4.867588E-01
0048  4.839523E-01
0049  4.812037E-01
0050  4.785106E-01
0051  4.758708E-01
0052  4.732823E-01
0053  4.707431E-01
0054  4.682513E-01
0055  4.658053E-01
0056  4.634034E-01
0057  4.610440E-01
0058  4.587256E-01
0059  4.564468E-01
0060  4.542063E-01
0061  4.520029E-01
0062  4.498353E-01
0063  4.477024E-01
0064  4.456031E-01
0065  4.435363E-01
0066  4.415011E-01
0067  4.394965E-01
0068  4.375216E-01
0069  4.355755E-01
0070  4.336574E-01
0071  4.317665E-01
0072  4.299021E-01
0073  4.280634E-01
0074  4.262497E-01
0075  4.244603E-01
0076  4.226947E-01
0077  4.209521E-01
0078  4.192321E-01
0079  4.175339E-01
0080  4.158571E-01
0081  4.142011E-01
0082  4.125655E-01
0083  4.109496E-01
0084  4.093531E-01
0085  4.077756E-01
0086  4.062164E-01
0087  4.046753E-01
0088  4.031518E-01
0089  4.016455E-01
0090  4.001561E-01
0091  3.986831E-01
0092  3.972262E-01
0093  3.957851E-01
0094  3.943593E-01
0095  3.929487E-01
0096  3.915528E-01
0097  3.901714E-01
0098  3.888042E-01
0099  3.874508E-01
0100  3.861111E-01
0101  3.847847E-01
0102  3.834713E-01
0103  3.821708E-01
0104  3.808828E-01
0105  3.796072E-01
0106  3.783436E-01
0107  3.770919E-01
0108  3.758519E-01
0109  3.746232E-01
0110  3.734058E-01
0111  3.721995E-01
0112  3.710039E-01
0113  3.698190E-01
0114  3.686445E-01
0115  3.674802E-01
0116  3.663261E-01
0117  3.651818E-01
0118  3.640473E-01
0119  3.629224E-01
0120  3.618068E-01
0121  3.607006E-01
0122  3.596034E-01
0123  3.585152E-01
0124  3.574358E-01
0125  3.563651E-01
0126  3.553029E-01
0127  3.542491E-01
0128  3.532036E-01
0129  3.521662E-01
0130  3.511368E-01
0131  3.501153E-01
0132  3.491016E-01
0133  3.480955E-01
0134  3.470970E-01
0135  3.461059E-01
0136  3.451221E-01
0137  3.441455E-01
0138  3.431760E-01
0139  3.422135E-01
0140  3.412579E-01
0141  3.403091E-01
0142  3.393670E-01
0143  3.384316E-01
0144  3.375026E-01
0145  3.365801E-01
0146  3.356639E-01
0147  3.347540E-01
0148  3.338502E-01
0149  3.329525E-01
0150  3.320609E-01
0151  3.311751E-01
0152  3.302952E-01
0153  3.294211E-01
0154  3.285526E-01
0155  3.276898E-01
0156  3.268326E-01
0157  3.259808E-01
0158  3.251344E-01
0159  3.242934E-01
0160  3.234576E-01
0161  3.226270E-01
0162  3.218016E-01
0163  3.209813E-01
0164  3.201660E-01
0165  3.193556E-01
0166  3.185501E-01
0167  3.177495E-01
0168  3.169537E-01
0169  3.161625E-01
0170  3.153761E-01
0171  3.145942E-01
0172  3.138169E-01
0173  3.130442E-01
0174  3.122758E-01
0175  3.115119E-01
0176  3.107523E-01
0177  3.099971E-01
0178  3.092461E-01
0179  3.084993E-01
0180  3.077566E-01
0181  3.070181E-01
0182  3.062836E-01
0183  3.055532E-01
0184  3.048267E-01
0185  3.041042E-01
0186  3.033856E-01
0187  3.026708E-01
0188  3.019599E-01
0189  3.012527E-01
0190  3.005492E-01
0191  2.998495E-01
0192  2.991534E-01
0193  2.984609E-01
0194  2.977719E-01
0195  2.970866E-01
0196  2.964047E-01
0197  2.957263E-01
0198  2.950514E-01
0199  2.943798E-01
0200  2.937116E-01
0201  2.930467E-01
0202  2.923852E-01
0203  2.917269E-01
0204  2.910718E-01
0205  2.904200E-01
0206  2.897713E-01
0207  2.891257E-01
0208  2.884833E-01
0209  2.878440E-01
0210  2.872077E-01
0211  2.865744E-01
0212  2.859441E-01
0213  2.853168E-01
0214  2.846924E-01
0215  2.840710E-01
0216  2.834524E-01
0217  2.828366E-01
0218  2.822237E-01
0219  2.816137E-01
0220  2.810063E-01
0221  2.804018E-01
0222  2.798000E-01
0223  2.792008E-01
0224  2.786044E-01
0225  2.780106E-01
0226  2.774195E-01
0227  2.768309E-01
0228  2.762450E-01
0229  2.756616E-01
0230  2.750807E-01
0231  2.745024E-01
0232  2.739266E-01
0233  2.733532E-01
0234  2.727823E-01
0235  2.722139E-01
0236  2.716478E-01
0237  2.710842E-01
0238  2.705229E-01
0239  2.699640E-01
0240  2.694074E-01
0241  2.688531E-01
0242  2.683011E-01
0243  2.677514E-01
0244  2.672039E-01
0245  2.666587E-01
0246  2.661157E-01
0247  2.655749E-01
0248  2.650363E-01
0249  2.644999E-01
0250  2.639656E-01
0251  2.634335E-01
0252  2.629034E-01
0253  2.623755E-01
0254  2.618496E-01
0255  2.613258E-01
0256  2.608041E-01
0257  2.602844E-01
0258  2.597667E-01
0259  2.592510E-01
0260  2.587373E-01
0261  2.582256E-01
0262  2.577158E-01
0263  2.572080E-01
0264  2.567021E-01
0265  2.561981E-01
0266  2.556960E-01
0267  2.551958E-01
0268  2.546975E-01
0269  2.542010E-01
0270  2.537064E-01
0271  2.532136E-01
0272  2.527226E-01
0273  2.522334E-01
0274  2.517460E-01
0275  2.512604E-01
0276  2.507765E-01
0277  2.502944E-01
0278  2.498140E-01
0279  2.493354E-01
0280  2.488584E-01
0281  2.483832E-01
0282  2.479096E-01
0283  2.474378E-01
0284  2.469675E-01
0285  2.464990E-01
0286  2.460321E-01
0287  2.455668E-01
0288  2.451031E-01
0289  2.446411E-01
0290  2.441806E-01
0291  2.437217E-01
0292  2.432644E-01
0293  2.428087E-01
0294  2.423545E-01
0295  2.419018E-01
0296  2.414507E-01
0297  2.410011E-01
0298  2.405530E-01
0299  2.401065E-01
0300  2.396614E-01
0301  2.392178E-01
0302  2.387756E-01
0303  2.383349E-01
0304  2.378957E-01
0305  2.374579E-01
0306  2.370216E-01
0307  2.365867E-01
0308  2.361532E-01
0309  2.357211E-01
0310  2.352903E-01
0311  2.348610E-01
0312  2.344331E-01
0313  2.340065E-01
0314  2.335813E-01
0315  2.331574E-01
0316  2.327349E-01
0317  2.323137E-01
0318  2.318939E-01
0319  2.314753E-01
0320  2.310581E-01
0321  2.306422E-01
0322  2.302275E-01
0323  2.298142E-01
0324  2.294021E-01
0325  2.289913E-01
0326  2.285818E-01
0327  2.281735E-01
0328  2.277665E-01
0329  2.273607E-01
0330  2.269561E-01
0331  2.265528E-01
0332  2.261506E-01
0333  2.257497E-01
0334  2.253500E-01
0335  2.249515E-01
0336  2.245542E-01
0337  2.241580E-01
0338  2.237630E-01
0339  2.233692E-01
0340  2.229766E-01
0341  2.225851E-01
0342  2.221947E-01
0343  2.218055E-01
0344  2.214175E-01
0345  2.210305E-01
0346  2.206447E-01
0347  2.202600E-01
0348  2.198763E-01
0349  2.194938E-01
0350  2.191124E-01
0351  2.187321E-01
0352  2.183529E-01
0353  2.179747E-01
0354  2.175976E-01
0355  2.172216E-01
0356  2.168466E-01
0357  2.164726E-01
0358  2.160998E-01
0359  2.157279E-01
0360  2.153571E-01
0361  2.149873E-01
0362  2.146186E-01
0363  2.142509E-01
0364  2.138841E-01
0365  2.135184E-01
0366  2.131537E-01
0367  2.127900E-01
0368  2.124272E-01
0369  2.120655E-01
0370  2.117047E-01
0371  2.113449E-01
0372  2.109861E-01
0373  2.106282E-01
0374  2.102713E-01
0375  2.099154E-01
0376  2.095604E-01
0377  2.092063E-01
0378  2.088532E-01
0379  2.085010E-01
0380  2.081497E-01
0381  2.077994E-01
0382  2.074500E-01
0383  2.071015E-01
0384  2.067539E-01
0385  2.064072E-01
0386  2.060614E-01
0387  2.057165E-01
0388  2.053725E-01
0389  2.050293E-01
0390  2.046871E-01
0391  2.043457E-01
0392  2.040052E-01
0393  2.036656E-01
0394  2.033268E-01
0395  2.029889E-01
0396  2.026519E-01
0397  2.023157E-01
0398  2.019803E-01
0399  2.016458E-01
0400  2.013121E-01
0401  2.009793E-01
0402  2.006473E-01
0403  2.003161E-01
0404  1.999857E-01
0405  1.996561E-01
0406  1.993274E-01
0407  1.989995E-01
0408  1.986723E-01
0409  1.983460E-01
0410  1.980205E-01
0411  1.976957E-01
0412  1.973718E-01
0413  1.970486E-01
0414  1.967263E-01
0415  1.964047E-01
0416  1.960838E-01
0417  1.957638E-01
0418  1.954445E-01
0419  1.951259E-01
0420  1.948082E-01
0421  1.944912E-01
0422  1.941749E-01
0423  1.938594E-01
0424  1.935446E-01
0425  1.932306E-01
0426  1.929173E-01
0427  1.926048E-01
0428  1.922929E-01
0429  1.919818E-01
0430  1.916715E-01
0431  1.913618E-01
0432  1.910529E-01
0433  1.907447E-01
0434  1.904372E-01
0435  1.901304E-01
0436  1.898243E-01
0437  1.895189E-01
0438  1.892142E-01
0439  1.889102E-01
0440  1.886069E-01
0441  1.883042E-01
0442  1.880023E-01
0443  1.877011E-01
0444  1.874005E-01
0445  1.871006E-01
0446  1.868014E-01
0447  1.865028E-01
0448  1.862049E-01
0449  1.859077E-01
0450  1.856111E-01
0451  1.853152E-01
0452  1.850200E-01
0453  1.847254E-01
0454  1.844314E-01
0455  1.841381E-01
0456  1.838455E-01
0457  1.835535E-01
0458  1.832621E-01
0459  1.829714E-01
0460  1.826813E-01
0461  1.823918E-01
0462  1.821029E-01
0463  1.818147E-01
0464  1.815271E-01
0465  1.812401E-01
0466  1.809537E-01
0467  1.806680E-01
0468  1.803828E-01
0469  1.800983E-01
0470  1.798144E-01
0471  1.795311E-01
0472  1.792483E-01
0473  1.789662E-01
0474  1.786847E-01
0475  1.784037E-01
0476  1.781234E-01
0477  1.778436E-01
0478  1.775645E-01
0479  1.772859E-01
0480  1.770079E-01
0481  1.767304E-01
0482  1.764536E-01
0483  1.761773E-01
0484  1.759016E-01
0485  1.756265E-01
0486  1.753519E-01
0487  1.750779E-01
0488  1.748044E-01
0489  1.745316E-01
0490  1.742592E-01
0491  1.739875E-01
0492  1.737162E-01
0493  1.734456E-01
0494  1.731755E-01
0495  1.729059E-01
0496  1.726368E-01
0497  1.723684E-01
0498  1.721004E-01
0499  1.718330E-01
0500  1.715661E-01
0501  1.712998E-01
0502  1.710340E-01
0503  1.707687E-01
0504  1.705039E-01
0505  1.702397E-01
0506  1.699760E-01
0507  1.697128E-01
0508  1.694501E-01
0509  1.691880E-01
0510  1.689264E-01
0511  1.686652E-01
0512  1.684046E-01
0513  1.681445E-01
0514  1.678849E-01
0515  1.676258E-01
0516  1.673672E-01
0517  1.671091E-01
0518  1.668515E-01
0519  1.665944E-01
0520  1.663378E-01
0521  1.660817E-01
0522  1.658261E-01
0523  1.655710E-01
0524  1.653163E-01
0525  1.650622E-01
0526  1.648085E-01
0527  1.645553E-01
0528  1.643026E-01
0529  1.640504E-01
0530  1.637986E-01
0531  1.635474E-01
0532  1.632965E-01
0533  1.630462E-01
0534  1.627963E-01
0535  1.625469E-01
0536  1.622980E-01
0537  1.620495E-01
0538  1.618015E-01
0539  1.615540E-01
0540  1.613069E-01
0541  1.610603E-01
0542  1.608141E-01
0543  1.605684E-01
0544  1.603231E-01
0545  1.600783E-01
0546  1.598339E-01
0547  1.595900E-01
0548  1.593465E-01
0549  1.591035E-01
0550  1.588609E-01
0551  1.586187E-01
0552  1.583770E-01
0553  1.581357E-01
0554  1.578949E-01
0555  1.576545E-01
0556  1.574145E-01
0557  1.571750E-01
0558  1.569359E-01
0559  1.566972E-01
0560  1.564589E-01
0561  1.562211E-01
0562  1.559837E-01
0563  1.557467E-01
0564  1.555101E-01
0565  1.552740E-01
0566  1.550383E-01
0567  1.548030E-01
0568  1.545681E-01
0569  1.543336E-01
0570  1.540995E-01
0571  1.538658E-01
0572  1.536326E-01
0573  1.533997E-01
0574  1.531673E-01
0575  1.529353E-01
0576  1.527036E-01
0577  1.524724E-01
0578  1.522416E-01
0579  1.520111E-01
0580  1.517811E-01
0581  1.515515E-01
0582  1.513222E-01
0583  1.510934E-01
0584  1.508649E-01
0585  1.506369E-01
0586  1.504092E-01
0587  1.501819E-01
0588  1.499550E-01
0589  1.497285E-01
0590  1.495023E-01
0591  1.492766E-01
0592  1.490512E-01
0593  1.488262E-01
0594  1.486016E-01
0595  1.483774E-01
0596  1.481536E-01
0597  1.479301E-01
0598  1.477070E-01
0599  1.474842E-01
0600  1.472619E-01
0601  1.470399E-01
0602  1.468183E-01
0603  1.465970E-01
0604  1.463761E-01
0605  1.461556E-01
0606  1.459355E-01
0607  1.457157E-01
0608  1.454962E-01
0609  1.452772E-01
0610  1.450585E-01
0611  1.448401E-01
0612  1.446221E-01
0613  1.444045E-01
0614  1.441872E-01
0615  1.439703E-01
0616  1.437537E-01
0617  1.435374E-01
0618  1.433216E-01
0619  1.431060E-01
0620  1.428909E-01
0621  1.426760E-01
0622  1.424615E-01
0623  1.422474E-01
0624  1.420336E-01
0625  1.418201E-01
0626  1.416070E-01
0627  1.413942E-01
0628  1.411818E-01
0629  1.409697E-01
0630  1.407579E-01
0631  1.405465E-01
0632  1.403354E-01
0633  1.401247E-01
0634  1.399142E-01
0635  1.397041E-01
0636  1.394944E-01
0637  1.392850E-01
0638  1.390758E-01
0639  1.388671E-01
0640  1.386586E-01
0641  1.384505E-01
0642  1.382427E-01
0643  1.380352E-01
0644  1.378281E-01
0645  1.376212E-01
0646  1.374147E-01
0647  1.372085E-01
0648  1.370026E-01
0649  1.367971E-01
0650  1.365918E-01
0651  1.363869E-01
0652  1.361823E-01
0653  1.359780E-01
0654  1.357740E-01
0655  1.355704E-01
0656  1.353670E-01
0657  1.351639E-01
0658  1.349612E-01
0659  1.347588E-01
0660  1.345566E-01
0661  1.343548E-01
0662  1.341533E-01
0663  1.339521E-01
0664  1.337512E-01
0665  1.335506E-01
0666  1.333502E-01
0667  1.331502E-01
0668  1.329505E-01
0669  1.327511E-01
0670  1.325520E-01
0671  1.323532E-01
0672  1.321547E-01
0673  1.319565E-01
0674  1.317585E-01
0675  1.315609E-01
0676  1.313636E-01
0677  1.311665E-01
0678  1.309697E-01
0679  1.307733E-01
0680  1.305771E-01
0681  1.303812E-01
0682  1.301856E-01
0683  1.299903E-01
0684  1.297953E-01
0685  1.296005E-01
0686  1.294060E-01
0687  1.292119E-01
0688  1.290180E-01
0689  1.288244E-01
0690  1.286310E-01
0691  1.284380E-01
0692  1.282452E-01
0693  1.280527E-01
0694  1.278605E-01
0695  1.276685E-01
0696  1.274769E-01
0697  1.272855E-01
0698  1.270943E-01
0699  1.269035E-01
0700  1.267129E-01
0701  1.265226E-01
0702  1.263326E-01
0703  1.261429E-01
0704  1.259534E-01
0705  1.257641E-01
0706  1.255752E-01
0707  1.253865E-01
0708  1.251981E-01
0709  1.250099E-01
0710  1.248221E-01
0711  1.246344E-01
0712  1.244471E-01
0713  1.242600E-01
0714  1.240732E-01
0715  1.238866E-01
0716  1.237003E-01
0717  1.235142E-01
0718  1.233284E-01
0719  1.231429E-01
0720  1.229576E-01
0721  1.227726E-01
0722  1.225879E-01
0723  1.224034E-01
0724  1.222191E-01
0725  1.220351E-01
0726  1.218514E-01
0727  1.216679E-01
0728  1.214846E-01
0729  1.213017E-01
0730  1.211189E-01
0731  1.209364E-01
0732  1.207542E-01
0733  1.205722E-01
0734  1.203905E-01
0735  1.202090E-01
0736  1.200278E-01
0737  1.198468E-01
0738  1.196660E-01
0739  1.194855E-01
0740  1.193052E-01
0741  1.191252E-01
0742  1.189454E-01
0743  1.187659E-01
0744  1.185866E-01
0745  1.184076E-01
0746  1.182287E-01
0747  1.180502E-01
0748  1.178718E-01
0749  1.176937E-01
0750  1.175159E-01
0751  1.173383E-01
0752  1.171609E-01
0753  1.169837E-01
0754  1.168068E-01
0755  1.166301E-01
0756  1.164537E-01
0757  1.162775E-01
0758  1.161015E-01
0759  1.159258E-01
0760  1.157502E-01
0761  1.155750E-01
0762  1.153999E-01
0763  1.152251E-01
0764  1.150505E-01
0765  1.148761E-01
0766  1.147020E-01
0767  1.145281E-01
0768  1.143544E-01
0769  1.141809E-01
0770  1.140077E-01
0771  1.138347E-01
0772  1.136619E-01
0773  1.134893E-01
0774  1.133170E-01
0775  1.131449E-01
0776  1.129730E-01
0777  1.128013E-01
0778  1.126298E-01
0779  1.124586E-01
0780  1.122876E-01
0781  1.121168E-01
0782  1.119462E-01
0783  1.117759E-01
0784  1.116057E-01
0785  1.114358E-01
0786  1.112661E-01
0787  1.110966E-01
0788  1.109273E-01
0789  1.107583E-01
0790  1.105894E-01
0791  1.104208E-01
0792  1.102524E-01
0793  1.100842E-01
0794  1.099162E-01
0795  1.097484E-01
0796  1.095808E-01
0797  1.094135E-01
0798  1.092463E-01
0799  1.090794E-01
0800  1.089126E-01
0801  1.087461E-01
0802  1.085798E-01
0803  1.084137E-01
0804  1.082478E-01
0805  1.080821E-01
0806  1.079166E-01
0807  1.077513E-01
0808  1.075862E-01
0809  1.074213E-01
0810  1.072567E-01
0811  1.070922E-01
0812  1.069279E-01
0813  1.067638E-01
0814  1.066000E-01
0815  1.064363E-01
0816  1.062729E-01
0817  1.061096E-01
0818  1.059465E-01
0819  1.057837E-01
0820  1.056210E-01
0821  1.054585E-01
0822  1.052963E-01
0823  1.051342E-01
0824  1.049723E-01
0825  1.048106E-01
0826  1.046492E-01
0827  1.044879E-01
0828  1.043268E-01
0829  1.041659E-01
0830  1.040052E-01
0831  1.038447E-01
0832  1.036843E-01
0833  1.035242E-01
0834  1.033643E-01
0835  1.032045E-01
0836  1.030450E-01
0837  1.028856E-01
0838  1.027265E-01
0839  1.025675E-01
0840  1.024087E-01
0841  1.022501E-01
0842  1.020917E-01
0843  1.019335E-01
0844  1.017754E-01
0845  1.016176E-01
0846  1.014599E-01
0847  1.013024E-01
0848  1.011451E-01
0849  1.009880E-01
0850  1.008311E-01
0851  1.006744E-01
0852  1.005178E-01
0853  1.003614E-01
0854  1.002053E-01
0855  1.000493E-01
0856  9.989344E-02
0857  9.973780E-02
0858  9.958235E-02
0859  9.942707E-02
0860  9.927198E-02
0861  9.911706E-02
0862  9.896232E-02
0863  9.880777E-02
0864  9.865339E-02
0865  9.849919E-02
0866  9.834517E-02
0867  9.819133E-02
0868  9.803767E-02
0869  9.788418E-02
0870  9.773087E-02
0871  9.757773E-02
0872  9.742477E-02
0873  9.727199E-02
0874  9.711938E-02
0875  9.696694E-02
0876  9.681468E-02
0877  9.666260E-02
0878  9.651068E-02
0879  9.635894E-02
0880  9.620737E-02
0881  9.605598E-02
0882  9.590475E-02
0883  9.575370E-02
0884  9.560282E-02
0885  9.545211E-02
0886  9.530157E-02
0887  9.515119E-02
0888  9.500099E-02
0889  9.485096E-02
0890  9.470109E-02
0891  9.455140E-02
0892  9.440187E-02
0893  9.425251E-02
0894  9.410332E-02
0895  9.395429E-02
0896  9.380543E-02
0897  9.365674E-02
0898  9.350821E-02
0899  9.335984E-02
0900  9.321165E-02
0901  9.306361E-02
0902  9.291574E-02
0903  9.276804E-02
0904  9.262050E-02
0905  9.247312E-02
0906  9.232590E-02
0907  9.217885E-02
0908  9.203195E-02
0909  9.188522E-02
0910  9.173866E-02
0911  9.159225E-02
0912  9.144600E-02
0913  9.129991E-02
0914  9.115399E-02
0915  9.100822E-02
0916  9.086261E-02
0917  9.071716E-02
0918  9.057187E-02
0919  9.042674E-02
0920  9.028176E-02
0921  9.013695E-02
0922  8.999229E-02
0923  8.984778E-02
0924  8.970344E-02
0925  8.955925E-02
0926  8.941521E-02
0927  8.927133E-02
0928  8.912761E-02
0929  8.898404E-02
0930  8.884062E-02
0931  8.869736E-02
0932  8.855425E-02
0933  8.841130E-02
0934  8.826850E-02
0935  8.812585E-02
0936  8.798336E-02
0937  8.784101E-02
0938  8.769882E-02
0939  8.755678E-02
0940  8.741489E-02
0941  8.727316E-02
0942  8.713157E-02
0943  8.699013E-02
0944  8.684885E-02
0945  8.670771E-02
0946  8.656672E-02
0947  8.642588E-02
0948  8.628519E-02
0949  8.614465E-02
0950  8.600425E-02
0951  8.586401E-02
0952  8.572391E-02
0953  8.558396E-02
0954  8.544415E-02
0955  8.530449E-02
0956  8.516498E-02
0957  8.502561E-02
0958  8.488639E-02
0959  8.474732E-02
0960  8.460838E-02
0961  8.446960E-02
0962  8.433096E-02
0963  8.419246E-02
0964  8.405410E-02
0965  8.391589E-02
0966  8.377783E-02
0967  8.363990E-02
0968  8.350212E-02
0969  8.336448E-02
0970  8.322698E-02
0971  8.308962E-02
0972  8.295241E-02
0973  8.281534E-02
0974  8.267840E-02
0975  8.254161E-02
0976  8.240496E-02
0977  8.226845E-02
0978  8.213207E-02
0979  8.199584E-02
0980  8.185975E-02
0981  8.172379E-02
0982  8.158797E-02
0983  8.145229E-02
0984  8.131675E-02
0985  8.118135E-02
0986  8.104608E-02
0987  8.091096E-02
0988  8.077596E-02
0989  8.064111E-02
0990  8.050639E-02
0991  8.037181E-02
0992  8.023736E-02
0993  8.010305E-02
0994  7.996887E-02
0995  7.983483E-02
0996  7.970092E-02
0997  7.956715E-02
0998  7.943351E-02
0999  7.930001E-02
1000  7.916664E-02
1001  7.903340E-02
1002  7.890030E-02
1003  7.876732E-02
1004  7.863448E-02
1005  7.850178E-02
1006  7.836920E-02
1007  7.823676E-02
1008  7.810445E-02
1009  7.797227E-02
1010  7.784022E-02
1011  7.770830E-02
1012  7.757651E-02
1013  7.744485E-02
1014  7.731332E-02
1015  7.718192E-02
1016  7.705065E-02
1017  7.691951E-02
1018  7.678850E-02
1019  7.665762E-02
1020  7.652686E-02
1021  7.639624E-02
1022  7.626574E-02
1023  7.613537E-02
1024  7.600512E-02
1025  7.587501E-02
1026  7.574502E-02
1027  7.561515E-02
1028  7.548542E-02
1029  7.535581E-02
1030  7.522632E-02
1031  7.509696E-02
1032  7.496773E-02
1033  7.483862E-02
1034  7.470964E-02
1035  7.458078E-02
1036  7.445205E-02
1037  7.432344E-02
1038  7.419495E-02
1039  7.406659E-02
1040  7.393835E-02
1041  7.381023E-02
1042  7.368224E-02
1043  7.355437E-02
1044  7.342662E-02
1045  7.329900E-02
1046  7.317150E-02
1047  7.304411E-02
1048  7.291686E-02
1049  7.278972E-02
1050  7.266270E-02
1051  7.253580E-02
1052  7.240903E-02
1053  7.228237E-02
1054  7.215584E-02
1055  7.202942E-02
1056  7.190313E-02
1057  7.177695E-02
1058  7.165090E-02
1059  7.152496E-02
1060  7.139914E-02
1061  7.127344E-02
1062  7.114786E-02
1063  7.102240E-02
1064  7.089705E-02
1065  7.077183E-02
1066  7.064672E-02
1067  7.052173E-02
1068  7.039685E-02
1069  7.027209E-02
1070  7.014745E-02
1071  7.002293E-02
1072  6.989852E-02
1073  6.977422E-02
1074  6.965005E-02
1075  6.952598E-02
1076  6.940204E-02
1077  6.927821E-02
1078  6.915449E-02
1079  6.903089E-02
1080  6.890740E-02
1081  6.878403E-02
1082  6.866077E-02
1083  6.853763E-02
1084  6.841459E-02
1085  6.829168E-02
1086  6.816887E-02
1087  6.804618E-02
1088  6.792360E-02
1089  6.780114E-02
1090  6.767878E-02
1091  6.755654E-02
1092  6.743441E-02
1093  6.731239E-02
1094  6.719049E-02
1095  6.706869E-02
1096  6.694701E-02
1097  6.682544E-02
1098  6.670397E-02
1099  6.658262E-02
1100  6.646138E-02
1101  6.634025E-02
1102  6.621923E-02
1103  6.609832E-02
1104  6.597752E-02
1105  6.585683E-02
1106  6.573624E-02
1107  6.561577E-02
1108  6.549541E-02
1109  6.537515E-02
1110  6.525500E-02
1111  6.513496E-02
1112  6.501503E-02
1113  6.489521E-02
1114  6.477549E-02
1115  6.465588E-02
1116  6.453638E-02
1117  6.441698E-02
1118  6.429769E-02
1119  6.417851E-02
1120  6.405944E-02
1121  6.394047E-02
1122  6.382161E-02
1123  6.370285E-02
1124  6.358420E-02
1125  6.346565E-02
1126  6.334721E-02
1127  6.322888E-02
1128  6.311065E-02
1129  6.299252E-02
1130  6.287450E-02
1131  6.275659E-02
1132  6.263878E-02
1133  6.252107E-02
1134  6.240346E-02
1135  6.228596E-02
1136  6.216857E-02
1137  6.205127E-02
1138  6.193408E-02
1139  6.181699E-02
1140  6.170001E-02
1141  6.158313E-02
1142  6.146635E-02
1143  6.134967E-02
1144  6.123309E-02
1145  6.111662E-02
1146  6.100025E-02
1147  6.088398E-02
1148  6.076781E-02
1149  6.065174E-02
1150  6.053577E-02
1151  6.041991E-02
1152  6.030414E-02
1153  6.018847E-02
1154  6.007291E-02
1155  5.995744E-02
1156  5.984208E-02
1157  5.972681E-02
1158  5.961165E-02
1159  5.949658E-02
1160  5.938162E-02
1161  5.926675E-02
1162  5.915198E-02
1163  5.903731E-02
1164  5.892274E-02
1165  5.880826E-02
1166  5.869389E-02
1167  5.857961E-02
1168  5.846543E-02
1169  5.835135E-02
1170  5.823737E-02
1171  5.812348E-02
1172  5.800969E-02
1173  5.789600E-02
1174  5.778240E-02
1175  5.766890E-02
1176  5.755550E-02
1177  5.744220E-02
1178  5.732899E-02
1179  5.721587E-02
1180  5.710285E-02
1181  5.698993E-02
1182  5.687711E-02
1183  5.676438E-02
1184  5.665174E-02
1185  5.653920E-02
1186  5.642675E-02
1187  5.631440E-02
1188  5.620215E-02
1189  5.608998E-02
1190  5.597792E-02
1191  5.586594E-02
1192  5.575406E-02
1193  5.564228E-02
1194  5.553059E-02
1195  5.541899E-02
1196  5.530748E-02
1197  5.519607E-02
1198  5.508475E-02
1199  5.497353E-02
1200  5.486239E-02
1201  5.475135E-02
1202  5.464040E-02
1203  5.452955E-02
1204  5.441878E-02
1205  5.430811E-02
1206  5.419753E-02
1207  5.408704E-02
1208  5.397665E-02
1209  5.386634E-02
1210  5.375613E-02
1211  5.364600E-02
1212  5.353597E-02
1213  5.342603E-02
1214  5.331618E-02
1215  5.320642E-02
1216  5.309675E-02
1217  5.298717E-02
1218  5.287768E-02
1219  5.276828E-02
1220  5.265897E-02
1221  5.254975E-02
1222  5.244061E-02
1223  5.233157E-02
1224  5.222262E-02
1225  5.211375E-02
1226  5.200498E-02
1227  5.189629E-02
1228  5.178769E-02
1229  5.167918E-02
1230  5.157076E-02
1231  5.146243E-02
1232  5.135418E-02
1233  5.124603E-02
1234  5.113796E-02
1235  5.102997E-02
1236  5.092208E-02
1237  5.081427E-02
1238  5.070655E-02
1239  5.059892E-02
1240  5.049137E-02
1241  5.038391E-02
1242  5.027654E-02
1243  5.016925E-02
1244  5.006205E-02
1245  4.995493E-02
1246  4.984790E-02
1247  4.974096E-02
1248  4.963410E-02
1249  4.952733E-02
1250  4.942065E-02
1251  4.931405E-02
1252  4.920753E-02
1253  4.910110E-02
1254  4.899475E-02
1255  4.888849E-02
1256  4.878232E-02
1257  4.867623E-02
1258  4.857022E-02
1259  4.846429E-02
1260  4.835846E-02
1261  4.825270E-02
1262  4.814703E-02
1263  4.804144E-02
1264  4.793594E-02
1265  4.783052E-02
1266  4.772518E-02
1267  4.761993E-02
1268  4.751475E-02
1269  4.740967E-02
1270  4.730466E-02
1271  4.719974E-02
1272  4.709490E-02
1273  4.699014E-02
1274  4.688547E-02
1275  4.678087E-02
1276  4.667636E-02
1277  4.657193E-02
1278  4.646758E-02
1279  4.636332E-02
1280  4.625913E-02
1281  4.615503E-02
1282  4.605101E-02
1283  4.594707E-02
1284  4.584321E-02
1285  4.573943E-02
1286  4.563573E-02
1287  4.553211E-02
1288  4.542857E-02
1289  4.532512E-02
1290  4.522174E-02
1291  4.511844E-02
1292  4.501523E-02
1293  4.491209E-02
1294  4.480903E-02
1295  4.470606E-02
1296  4.460316E-02
1297  4.450034E-02
1298  4.439760E-02
1299  4.429494E-02
1300  4.419236E-02
1301  4.408986E-02
1302  4.398743E-02
1303  4.388509E-02
1304  4.378282E-02
1305  4.368063E-02
1306  4.357852E-02
1307  4.347649E-02
1308  4.337454E-02
1309  4.327266E-02
1310  4.317086E-02
1311  4.306914E-02
1312  4.296750E-02
1313  4.286594E-02
1314  4.276445E-02
1315  4.266304E-02
1316  4.256170E-02
1317  4.246045E-02
1318  4.235927E-02
1319  4.225816E-02
1320  4.215714E-02
1321  4.205619E-02
1322  4.195532E-02
1323  4.185452E-02
1324  4.175380E-02
1325  4.165315E-02
1326  4.155258E-02
1327  4.145209E-02
1328  4.135167E-02
1329  4.125133E-02
1330  4.115106E-02
1331  4.105087E-02
1332  4.095076E-02
1333  4.085072E-02
1334  4.075075E-02
1335  4.065086E-02
1336  4.055104E-02
1337  4.045130E-02
1338  4.035164E-02
1339  4.025204E-02
1340  4.015252E-02
1341  4.005308E-02
1342  3.995371E-02
1343  3.985442E-02
1344  3.975519E-02
1345  3.965605E-02
1346  3.955697E-02
1347  3.945797E-02
1348  3.935904E-02
1349  3.926019E-02
1350  3.916141E-02
1351  3.906270E-02
1352  3.896407E-02
1353  3.886551E-02
1354  3.876702E-02
1355  3.866860E-02
1356  3.857026E-02
1357  3.847199E-02
1358  3.837379E-02
1359  3.827566E-02
1360  3.817761E-02
1361  3.807963E-02
1362  3.798172E-02
1363  3.788388E-02
1364  3.778611E-02
1365  3.768842E-02
1366  3.759080E-02
1367  3.749325E-02
1368  3.739577E-02
1369  3.729836E-02
1370  3.720102E-02
1371  3.710375E-02
1372  3.700656E-02
1373  3.690943E-02
1374  3.681238E-02
1375  3.671539E-02
1376  3.661848E-02
1377  3.652164E-02
1378  3.642486E-02
1379  3.632816E-02
1380  3.623153E-02
1381  3.613497E-02
1382  3.603847E-02
1383  3.594205E-02
1384  3.584570E-02
1385  3.574941E-02
1386  3.565320E-02
1387  3.555706E-02
1388  3.546098E-02
1389  3.536498E-02
1390  3.526904E-02
1391  3.517317E-02
1392  3.507737E-02
1393  3.498164E-02
1394  3.488598E-02
1395  3.479039E-02
1396  3.469486E-02
1397  3.459941E-02
1398  3.450402E-02
1399  3.440870E-02
1400  3.431345E-02
1401  3.421826E-02
1402  3.412315E-02
1403  3.402810E-02
1404  3.393312E-02
1405  3.383821E-02
1406  3.374336E-02
1407  3.364859E-02
1408  3.355388E-02
1409  3.345923E-02
1410  3.336466E-02
1411  3.327015E-02
1412  3.317571E-02
1413  3.308133E-02
1414  3.298703E-02
1415  3.289278E-02
1416  3.279861E-02
1417  3.270450E-02
1418  3.261046E-02
1419  3.251648E-02
1420  3.242258E-02
1421  3.232873E-02
1422  3.223495E-02
1423  3.214124E-02
1424  3.204760E-02
1425  3.195402E-02
1426  3.186050E-02
1427  3.176706E-02
1428  3.167367E-02
1429  3.158036E-02
1430  3.148710E-02
1431  3.139392E-02
1432  3.130079E-02
1433  3.120774E-02
1434  3.111474E-02
1435  3.102182E-02
1436  3.092895E-02
1437  3.083616E-02
1438  3.074342E-02
1439  3.065075E-02
1440  3.055815E-02
1441  3.046561E-02
1442  3.037313E-02
1443  3.028072E-02
1444  3.018837E-02
1445  3.009609E-02
1446  3.000387E-02
1447  2.991171E-02
1448  2.981962E-02
1449  2.972759E-02
1450  2.963562E-02
1451  2.954372E-02
1452  2.945188E-02
1453  2.936011E-02
1454  2.926839E-02
1455  2.917675E-02
1456  2.908516E-02
1457  2.899364E-02
1458  2.890217E-02
1459  2.881078E-02
1460  2.871944E-02
1461  2.862817E-02
1462  2.853696E-02
1463  2.844581E-02
1464  2.835472E-02
1465  2.826370E-02
1466  2.817274E-02
1467  2.808184E-02
1468  2.799100E-02
1469  2.790022E-02
1470  2.780951E-02
1471  2.771886E-02
1472  2.762827E-02
1473  2.753774E-02
1474  2.744727E-02
1475  2.735686E-02
1476  2.726652E-02
1477  2.717623E-02
1478  2.708601E-02
1479  2.699585E-02
1480  2.690575E-02
1481  2.681571E-02
1482  2.672573E-02
1483  2.663581E-02
1484  2.654595E-02
1485  2.645616E-02
1486  2.636642E-02
1487  2.627674E-02
1488  2.618713E-02
1489  2.609757E-02
1490  2.600807E-02
1491  2.591864E-02
1492  2.582926E-02
1493  2.573995E-02
1494  2.565069E-02
1495  2.556149E-02
1496  2.547236E-02
1497  2.538328E-02
1498  2.529426E-02
1499  2.520530E-02
1500  2.511640E-02
1501  2.502756E-02
1502  2.493878E-02
1503  2.485006E-02
1504  2.476140E-02
1505  2.467279E-02
1506  2.458425E-02
1507  2.449576E-02
1508  2.440734E-02
1509  2.431897E-02
1510  2.423066E-02
1511  2.414240E-02
1512  2.405421E-02
1513  2.396608E-02
1514  2.387800E-02
1515  2.378998E-02
1516  2.370202E-02
1517  2.361412E-02
1518  2.352627E-02
1519  2.343849E-02
1520  2.335076E-02
1521  2.326309E-02
1522  2.317547E-02
1523  2.308792E-02
1524  2.300042E-02
1525  2.291298E-02
1526  2.282559E-02
1527  2.273827E-02
1528  2.265100E-02
1529  2.256378E-02
1530  2.247663E-02
1531  2.238953E-02
1532  2.230249E-02
1533  2.221550E-02
1534  2.212857E-02
1535  2.204170E-02
1536  2.195489E-02
1537  2.186813E-02
1538  2.178143E-02
1539  2.169478E-02
1540  2.160819E-02
1541  2.152166E-02
1542  2.143518E-02
1543  2.134876E-02
1544  2.126240E-02
1545  2.117609E-02
1546  2.108983E-02
1547  2.100364E-02
1548  2.091750E-02
1549  2.083141E-02
1550  2.074538E-02
1551  2.065940E-02
1552  2.057348E-02
1553  2.048762E-02
1554  2.040181E-02
1555  2.031606E-02
1556  2.023036E-02
1557  2.014471E-02
1558  2.005913E-02
1559  1.997359E-02
1560  1.988811E-02
1561  1.980269E-02
1562  1.971732E-02
1563  1.963201E-02
1564  1.954675E-02
1565  1.946154E-02
1566  1.937639E-02
1567  1.929129E-02
1568  1.920625E-02
1569  1.912126E-02
1570  1.903633E-02
1571  1.895145E-02
1572  1.886662E-02
1573  1.878185E-02
1574  1.869713E-02
1575  1.861246E-02
1576  1.852785E-02
1577  1.844330E-02
1578  1.835879E-02
1579  1.827434E-02
1580  1.818995E-02
1581  1.810560E-02
1582  1.802131E-02
1583  1.793708E-02
1584  1.785289E-02
1585  1.776876E-02
1586  1.768469E-02
1587  1.760066E-02
1588  1.751669E-02
1589  1.743277E-02
1590  1.734891E-02
1591  1.726509E-02
1592  1.718133E-02
1593  1.709763E-02
1594  1.701397E-02
1595  1.693037E-02
1596  1.684682E-02
1597  1.676332E-02
1598  1.667988E-02
1599  1.659648E-02
1600  1.651314E-02
1601  1.642985E-02
1602  1.634661E-02
1603  1.626343E-02
1604  1.618030E-02
1605  1.609721E-02
1606  1.601419E-02
1607  1.593121E-02
1608  1.584828E-02
1609  1.576541E-02
1610  1.568258E-02
1611  1.559981E-02
1612  1.551709E-02
1613  1.543442E-02
1614  1.535180E-02
1615  1.526924E-02
1616  1.518672E-02
1617  1.510425E-02
1618  1.502184E-02
1619  1.493948E-02
1620  1.485717E-02
1621  1.477490E-02
1622  1.469269E-02
1623  1.461053E-02
1624  1.452843E-02
1625  1.444637E-02
1626  1.436436E-02
1627  1.428240E-02
1628  1.420049E-02
1629  1.411864E-02
1630  1.403683E-02
1631  1.395507E-02
1632  1.387337E-02
1633  1.379171E-02
1634  1.371010E-02
1635  1.362855E-02
1636  1.354704E-02
1637  1.346558E-02
1638  1.338418E-02
1639  1.330282E-02
1640  1.322151E-02
1641  1.314025E-02
1642  1.305904E-02
1643  1.297788E-02
1644  1.289677E-02
1645  1.281571E-02
1646  1.273470E-02
1647  1.265374E-02
1648  1.257283E-02
1649  1.249196E-02
1650  1.241115E-02
1651  1.233038E-02
1652  1.224966E-02
1653  1.216900E-02
1654  1.208838E-02
1655  1.200781E-02
1656  1.192728E-02
1657  1.184681E-02
1658  1.176639E-02
1659  1.168601E-02
1660  1.160568E-02
1661  1.152540E-02
1662  1.144517E-02
1663  1.136499E-02
1664  1.128485E-02
1665  1.120477E-02
1666  1.112473E-02
1667  1.104474E-02
1668  1.096479E-02
1669  1.088490E-02
1670  1.080505E-02
1671  1.072525E-02
1672  1.064550E-02
1673  1.056580E-02
1674  1.048614E-02
1675  1.040653E-02
1676  1.032697E-02
1677  1.024746E-02
1678  1.016799E-02
1679  1.008857E-02
1680  1.000920E-02
1681  9.929879E-03
1682  9.850602E-03
1683  9.771372E-03
1684  9.692190E-03
1685  9.613054E-03
1686  9.533965E-03
1687  9.454923E-03
1688  9.375928E-03
1689  9.296979E-03
1690  9.218078E-03
1691  9.139223E-03
1692  9.060415E-03
1693  8.981653E-03
1694  8.902937E-03
1695  8.824269E-03
1696  8.745646E-03
1697  8.667070E-03
1698  8.588540E-03
1699  8.510057E-03
1700  8.431620E-03
1701  8.353228E-03
1702  8.274883E-03
1703  8.196584E-03
1704  8.118331E-03
1705  8.040124E-03
1706  7.961962E-03
1707  7.883847E-03
1708  7.805777E-03
1709  7.727753E-03
1710  7.649774E-03
1711  7.571841E-03
1712  7.493954E-03
1713  7.416112E-03
1714  7.338315E-03
1715  7.260564E-03
1716  7.182858E-03
1717  7.105198E-03
1718  7.027583E-03
1719  6.950012E-03
1720  6.872487E-03
1721  6.795007E-03
1722  6.717572E-03
1723  6.640182E-03
1724  6.562837E-03
1725  6.485537E-03
1726  6.408282E-03
1727  6.331071E-03
1728  6.253905E-03
1729  6.176784E-03
1730  6.099707E-03
1731  6.022675E-03
1732  5.945687E-03
1733  5.868743E-03
1734  5.791845E-03
1735  5.714990E-03
1736  5.638180E-03
1737  5.561414E-03
1738  5.484692E-03
1739  5.408014E-03
1740  5.331380E-03
1741  5.254791E-03
1742  5.178245E-03
1743  5.101743E-03
1744  5.025285E-03
1745  4.948871E-03
1746  4.872501E-03
1747  4.796174E-03
1748  4.719892E-03
1749  4.643652E-03
1750  4.567457E-03
1751  4.491305E-03
1752  4.415196E-03
1753  4.339131E-03
1754  4.263109E-03
1755  4.187130E-03
1756  4.111195E-03
1757  4.035303E-03
1758  3.959454E-03
1759  3.883649E-03
1760  3.807886E-03
1761  3.732167E-03
1762  3.656490E-03
1763  3.580856E-03
1764  3.505266E-03
1765  3.429718E-03
1766  3.354213E-03
1767  3.278750E-03
1768  3.203331E-03
1769  3.127953E-03
1770  3.052619E-03
1771  2.977327E-03
1772  2.902078E-03
1773  2.826871E-03
1774  2.751706E-03
1775  2.676584E-03
1776  2.601504E-03
1777  2.526467E-03
1778  2.451471E-03
1779  2.376518E-03
1780  2.301607E-03
1781  2.226738E-03
1782  2.151911E-03
1783  2.077126E-03
1784  2.002383E-03
1785  1.927682E-03
1786  1.853022E-03
1787  1.778405E-03
1788  1.703829E-03
1789  1.629295E-03
1790  1.554802E-03
1791  1.480352E-03
1792  1.405942E-03
1793  1.331574E-03
1794  1.257248E-03
1795  1.182963E-03
1796  1.108720E-03
1797  1.034517E-03
1798  9.603564E-04
1799  8.862367E-04
1800  8.121582E-04
1801  7.381208E-04
1802  6.641246E-04
1803  5.901693E-04
1804  5.162551E-04
1805  4.423819E-04
1806  3.685495E-04
1807  2.947581E-04
1808  2.210074E-04
1809  1.472976E-04
1810  7.362844E-05
1811  0.000000E+00
